51 5
50 -0.25273812 -0.53524554 -0.01680927 0.589117 -0.60727185
3 -0.40763074 -0.42607525 -0.5435243 0.9128926 -0.3452783
15 -0.12962772 -0.7480175 -0.0049753767 0.44597885 -0.68320584
33 0.20132181 -0.09067304 0.21568379 0.74857014 -0.7622992
7 0.13872111 -0.45039093 -0.23841411 0.557495 -0.82245
22 -0.65115637 -0.37611416 0.5297314 0.4149616 -0.812466
17 -0.5726287 -0.87214535 0.21353488 0.38617793 -0.53326076
8 0.07949205 -0.51423526 -0.42825988 0.52457225 -0.8674707
29 -0.0043234196 0.28894162 0.73930806 0.8919275 -0.7683415
5 -0.5668209 -0.58828187 -0.2193017 0.5538741 -0.59796596
4 -0.5717308 -0.34329286 -0.5785438 0.71912605 -0.62196785
26 0.09836175 -0.22185796 0.6169162 0.7620896 -0.6064206
35 0.51482296 -0.16811144 0.24971667 1.0467504 -0.39273274
0 -0.41752324 -0.6088561 -0.46085015 0.87872976 -0.235737
6 -0.5441673 -0.4588646 -0.386013 0.7972051 -0.4081644
25 -0.36767069 0.14197044 0.6147935 0.82192165 -0.6423547
47 -0.2503854 -0.5898258 -0.48908153 1.0326673 -0.10047185
40 0.4945498 -0.09400723 0.3017482 1.02493 -0.48193496
30 0.16226983 -0.22114077 0.4634595 0.76983356 -0.6024518
37 0.5150019 -0.41698065 0.5058215 0.9261463 -0.3725486
44 0.37577376 -0.3869145 -0.19017087 1.06558 -0.25911623
11 -0.125415 -0.43135887 -0.06968796 0.48677704 -0.84078664
31 -0.048406184 -0.0045267907 0.64150447 0.8680991 -0.582649
41 0.5044217 -0.656254 0.21132924 0.9494971 -0.19079569
16 -0.4258591 -0.73955625 0.38860062 0.45210338 -0.55926186
14 -0.1698946 -0.72221065 0.13707338 0.24245769 -0.9411346
39 0.45740208 -0.0349092 0.060862295 1.0598199 -0.5048319
38 0.4697677 -0.268795 0.071238205 1.1120452 -0.27206457
19 -0.7171756 -0.6668499 0.98213726 0.4064225 -0.52554345
13 -0.117531605 -0.8704793 -0.07811944 0.23776728 -0.9035932
9 -0.34040582 -0.55370384 -0.40598387 0.33611423 -1.009415
27 -0.11647308 -0.010892553 0.94990355 0.7823313 -0.646994
24 -0.5092608 0.08608757 0.6777309 0.68784297 -0.7757103
32 0.07408544 -0.0361909 0.6666358 0.8680748 -0.592919
18 -0.44046405 -0.67165565 0.6380111 0.35205474 -0.680886
46 -0.3001129 -0.6090848 -0.33239225 0.84510857 -0.26505572
49 -0.065229066 -0.47757882 -0.49358884 1.0053457 -0.26469833
20 -0.84136647 -0.37495345 0.23635486 0.6458134 -0.47667372
36 0.4067866 -0.27143845 0.33011532 0.8825424 -0.5141097
28 0.000113259644 0.20724691 0.42331657 0.8667882 -0.73944473
48 -0.5678909 -0.7832624 -0.68348783 0.8562638 -0.16800661
2 -0.47466624 -0.5984135 -0.40868655 0.9551495 -0.11906149
1 -0.60748726 -0.43392816 -0.5002626 0.88897127 -0.30595112
21 -0.69222236 -0.42375818 0.39822572 0.4513691 -0.73919934
42 0.5390325 -0.46102753 0.038340613 1.0663131 -0.2479682
23 -0.41401532 -0.09151853 0.91055614 0.62758785 -0.6964546
43 0.34904853 -0.3222442 -0.010462178 1.2006221 -0.08559339
34 0.17522351 0.06781432 0.36954063 0.972777 -0.57254016
45 0.1254212 -0.8005391 -0.22911385 0.878214 -0.1704613
10 -0.45197734 -0.6979416 -0.46247172 0.60189176 -0.5226994
12 -0.29590437 -0.8531025 -0.19063678 0.09059861 -1.1488302
