50 5
20 -0.5000218 0.86512667 -0.06437929 -0.3165314 0.44503585
11 -0.17537321 0.357733 0.120164625 -0.8669139 1.0715746
30 0.13406844 1.0077047 0.3071445 0.6533383 0.64719915
8 0.53533083 0.61818755 0.22595525 -0.421257 0.9282899
19 -0.6263701 0.8206867 0.0391895 -0.3861197 0.39915022
0 0.16959593 1.03324 0.3256375 -0.44586688 0.022453673
42 0.014479084 1.0011142 0.8000821 -0.23186648 -0.19961122
12 -0.6067183 0.29302317 0.24413787 -0.9460948 1.0156164
35 -0.46256018 0.6074848 0.8172401 0.016066652 0.34601265
21 -0.5379991 1.113568 -0.21624787 0.043635953 0.36838952
2 0.45628038 0.8540531 0.103101 -0.5540047 0.5158464
46 0.20015834 1.2926719 0.3999632 -0.49220586 -0.37489998
43 -0.113661796 0.7573105 0.9631682 -0.38485488 -0.0637172
41 -0.46587804 0.9430015 0.7407741 -0.15050124 -0.16433099
34 -0.44806018 0.8571794 0.8372699 0.58214307 0.32477328
31 -0.3568707 0.6957186 0.68672174 0.7419508 0.7350092
13 -0.4152004 0.38585111 0.1982135 -0.88826185 0.97701234
3 0.4983594 0.7875492 0.376394 -0.6079843 0.4200825
16 -0.76588863 0.5195711 0.13147748 -0.40095222 0.83903766
23 -0.33995506 1.1654679 -0.27408955 -0.05942019 0.3015938
22 -0.60516626 0.99802864 -0.4102522 -0.312912 0.57090735
47 0.17923646 1.1861202 0.64559305 -0.60417134 -0.458804
49 0.5678778 1.0876352 0.30482176 -0.3889532 0.13076654
14 -0.41822562 0.39250976 0.33998612 -0.5014158 0.9345738
10 -0.020464435 0.32656756 0.53276473 -0.69374704 0.9195271
26 0.07117471 1.0036455 0.12589943 0.48330933 0.63691396
24 -0.4761705 1.0823262 -0.25556624 0.3742338 0.6636956
17 -0.8509257 0.6006136 -0.10467308 -0.5856331 0.7910666
6 0.7019226 0.5802659 0.16537026 -0.51030827 1.1074902
33 -0.2525208 0.8284619 0.64018375 0.43806723 0.45667723
48 0.108994454 1.2234486 0.43863672 -0.56948507 -0.3976676
28 0.068282224 0.8856698 0.121222995 0.6436276 0.97534376
7 0.24172539 0.4308614 0.10631815 -0.92559606 1.1162491
4 0.54739255 0.5113033 0.0882001 -0.64289516 1.1857677
40 -0.3248422 0.8279404 1.1085013 -0.45528576 -0.29419917
5 0.47103855 0.55844533 0.47124255 -0.47629794 0.8005205
25 -0.12892999 1.0562234 -0.16892675 0.4149936 0.73367095
18 -0.6714148 0.7384876 -0.1830298 -0.49151647 0.72744966
9 -0.124032505 0.2657952 0.22058947 -0.89197046 1.2250483
32 -0.17410646 0.8920008 0.44434586 0.75713015 0.6579402
44 -0.0012117664 0.97014725 0.43471053 -0.6672651 -0.08342837
1 0.6393844 1.2551593 0.21256441 -0.41805363 -0.0863246
36 -0.4601383 0.6299745 1.4584153 0.23448879 0.0721002
45 0.14712389 1.1204659 0.609988 -0.61975074 -0.35857317
38 -0.31715712 0.84245825 1.2121097 0.11067424 -0.13268544
29 -0.3304195 1.062455 0.3124695 1.0625942 0.69931626
39 -0.2780264 0.52754396 1.4485006 -0.15044281 0.11818963
15 -0.44300583 0.5031028 0.06264379 -0.48340595 0.99756867
37 -0.45593587 0.55957943 1.4628218 -0.07701687 0.049344216
27 0.105080016 0.86427337 0.2814775 0.5967778 0.8079859
