50 5
28 -0.1716114 -0.51358664 0.14420389 -0.41714144 1.0052764
47 0.75922215 0.0062016873 0.09378377 -0.680151 0.98494697
33 -0.059680507 -0.25438032 0.42958343 -0.8931942 0.53180695
31 -0.21484973 -0.41542718 0.21132426 -0.622745 0.8607397
35 0.06617294 -0.25262243 0.48691764 -1.2040541 0.2544441
43 0.50977707 -0.52533495 0.2394608 -1.056572 0.25804374
34 -0.25883266 -0.468766 0.4262661 -0.8838238 0.46717173
15 0.1158555 -0.60932267 1.1918696 -0.19179453 0.03674547
3 0.7283807 -0.27695644 0.323902 0.16705629 1.1798692
49 0.8094662 -0.3661324 -0.0062409374 -0.37528563 0.9839665
24 -0.5779021 -1.0642674 0.19785357 -0.10595126 0.8762489
29 -0.62302434 -0.7617574 0.27750894 -0.41327894 0.818839
20 -0.502402 -0.69879854 1.0518442 -0.26547346 0.24479473
11 0.3357524 -0.37708458 1.3100289 0.19393155 0.35203332
13 0.54104745 -0.49343768 1.0300013 0.14063518 0.38016567
21 -0.47978303 -0.84047264 0.8377639 0.035045076 0.5628314
14 0.1480119 -0.5174171 1.2098999 0.11246396 0.31891137
4 0.8688243 -0.34694 0.37463626 0.10521824 0.99791515
12 0.32207203 -0.45307717 1.2124153 0.11974764 0.27044407
25 -0.27237308 -1.079313 -0.262456 -0.25722402 1.1359855
27 -0.5971646 -0.81259483 0.07313721 -0.39226955 1.0227965
23 -0.4835151 -0.8481931 0.4441937 -0.32361323 0.63745105
2 0.45107073 -0.17576042 0.19100499 -0.15258141 1.2343938
32 0.13570642 -0.1625882 0.16999915 -0.7426534 0.90949
10 0.8404776 -0.36946175 1.0757699 0.09426555 0.32046148
1 0.9925846 -0.38496378 -0.058359027 -0.16280216 1.1583612
6 0.9504393 -0.36663207 0.67683375 0.37914622 0.9248053
40 0.4494722 -0.2084569 0.65982753 -1.2502817 0.032885715
19 -0.42334306 -0.8263264 0.96995527 -0.17171612 0.26879388
45 1.067751 -0.3635589 0.4017727 -0.9369695 0.2242036
26 -0.7339375 -0.8767186 0.16371913 -0.45759603 0.9003877
30 -0.61781627 -0.6899667 0.15126185 -0.6821972 0.82863694
8 0.5802427 -0.2894167 1.1137552 0.48884365 0.7909731
39 0.015555832 -0.4167335 0.7047439 -1.1334058 -0.0062806816
17 0.0035239588 -0.32333383 1.0285219 -0.22249593 0.43049672
16 -0.12564038 -0.63872993 1.431816 0.10453918 0.13849205
5 1.1302824 -0.3442859 0.41060492 0.07156613 0.87126136
41 0.58317876 -0.2577105 0.6427815 -1.2294006 -0.0007113387
48 0.4889154 -0.33179942 -0.15696374 -0.5218854 1.1736394
44 0.78391904 -0.48526633 0.5266074 -1.0083351 -0.046699163
22 -0.7365382 -0.9351602 0.6355728 -0.47918597 0.42455086
37 0.19792481 -0.30576813 0.51601934 -1.2032197 0.15735403
42 0.5027842 -0.41419762 0.65182716 -0.81972307 0.09158644
0 0.9075464 -0.31914923 -0.013193801 -0.4461855 0.95811796
46 0.78290576 -0.17719032 0.05044492 -0.95846635 0.7609872
18 -0.4828639 -0.72372574 1.0250573 -0.1681595 0.3212625
36 -0.029909927 -0.020765528 0.79190016 -0.9792534 0.33117837
9 0.77011997 -0.5748216 1.0543761 0.41014367 0.42338845
7 0.6225325 -0.25176296 0.7135862 0.4627013 1.0796331
38 0.08252874 -0.31081867 0.48575288 -1.2238905 0.22379576
